85.66666666666667
84.33333333333333
56.333333333333336
41.666666666666664
65.0
50.0
70.33333333333333
83.66666666666667
50.333333333333336
75.33333333333333
56.666666666666664
80.66666666666667
82.66666666666667
66.0
59.0
60.666666666666664
63.0
40.0
64.66666666666667
75.66666666666667
74.66666666666667
46.0
88.66666666666667
73.33333333333333
61.0
65.33333333333333
73.33333333333333
57.333333333333336
52.333333333333336
59.333333333333336
65.33333333333333
49.333333333333336
70.66666666666667
78.33333333333333
58.666666666666664
69.33333333333333
31.666666666666668
51.0
60.666666666666664
80.66666666666667
82.0
43.666666666666664
52.0
53.666666666666664
62.666666666666664
43.333333333333336
69.66666666666667
61.333333333333336
68.0
76.0
53.333333333333336
64.33333333333333
64.0
63.83018867924528 61.77358490566038 65.30188679245283